{
 "cells": [
  {
   "cell_type": "code",
   "execution_count": 1,
   "metadata": {},
   "outputs": [],
   "source": [
    "import numpy as np\n",
    "from Bio import Entrez, SeqIO"
   ]
  },
  {
   "cell_type": "code",
   "execution_count": 2,
   "metadata": {},
   "outputs": [],
   "source": [
    "# In order to import from the python file without hassle, we add the current\n",
    "# directory to the python path\n",
    "import sys; sys.path.append(\".\")"
   ]
  },
  {
   "cell_type": "markdown",
   "metadata": {},
   "source": [
    "Let's let the nice folks at NCBI know who we are."
   ]
  },
  {
   "cell_type": "code",
   "execution_count": 3,
   "metadata": {},
   "outputs": [],
   "source": [
    "Entrez.email = \"gl8689@fri.uni-lj.si\""
   ]
  },
  {
   "cell_type": "markdown",
   "metadata": {},
   "source": [
    "# Phylogenetic analysis of coronaviruses\n",
    "\n",
    "In the first part of the homework, we will conduct a phylogenetic analysis of a handful of coronaviruses. We will look at the similarity between the DNA sequences of these viruses to determine how closely related they are to one another. This might give us some insight into how these viruses might have evolved through time, or from which species SARS-CoV-2 jumped to us, humans.\n",
    "\n",
    "We will build a phylogenetic tree in two steps. First, we will calculate the distances between each pair of viral genomes. We can't just compare them directly, we have to align them first. So we will run global alignment to get an optimal alignment between each pair of viral genomes. Then, we will calculate the distance between these alignments using Hamming distance. Hamming distance is defined as the number of symbols in the two sequences that do not match. Having calculated all pairwise distances, we can build a dendrogram, which will serve as our phylogenetic tree.\n",
    "\n",
    "**A note on runtime:** To build a phylogenetic tree, you will need to calculate all pairwise distances between several coronavirus genomes. As you have learned in lectures, computing an alignment between two sequences of length $N$ and $M$ requires forming and calculating a table of $N \\cdot M$ entries. This is fine for small sequences, but genomes, even short ones like viral genomes, are generally too long for this. For this reason, we will not calculate pairwise alignments between complete viral genomes in our analysis, but we will focus on the spike protein sequence only. The spike protein is one of the most important parts of any virus, as it is the one that grants the virus entry to host cells. Also, doing so will reduce the sequence lengths from ~30k to around 1.3k, which is much more manageable. Even so, do your best to write fast, efficient Python code, as you will spend a long time waiting for your programs to complete otherwise. I strongly suggest caching intermediate results e.g. pairwise alignments to disk to avoid having to recompute the same alignments multiple times."
   ]
  },
  {
   "cell_type": "code",
   "execution_count": 4,
   "metadata": {},
   "outputs": [],
   "source": [
    "accession_codes = {\n",
    "    # 7 known human coronaviruses\n",
    "    \"Human-SARS-CoV-2\": \"NC_045512\",\n",
    "    \"Human-SARS\": \"NC_004718\",\n",
    "    \"Human-MERS\": \"NC_019843\",\n",
    "    \"Human-HCoV-OC43\": \"NC_006213\",\n",
    "    \"Human-HCoV-229E\": \"NC_002645\",\n",
    "    \"Human-HCoV-NL63\": \"NC_005831\",\n",
    "    \"Human-HCoV-HKU1\": \"NC_006577\",\n",
    "    \n",
    "    # Bat\n",
    "    \"Bat-CoV MOP1\": \"EU420138\",\n",
    "    \"Bat-CoV HKU8\": \"NC_010438\",\n",
    "    \"Bat-CoV HKU2\": \"NC_009988\",\n",
    "    \"Bat-CoV HKU5\": \"NC_009020\",\n",
    "    \"Bat-CoV RaTG13\": \"MN996532\",\n",
    "    \"Bat-CoV-ENT\": \"NC_003045\",\n",
    "    \n",
    "    # Other animals\n",
    "    \"Hedgehog-CoV 2012-174/GER/2012\": \"NC_039207\",\n",
    "    \"Pangolin-CoV MP789\": \"MT121216\",\n",
    "    \"Rabbit-CoV HKU14\": \"NC_017083\",\n",
    "    \"Duck-CoV isolate DK/GD/27/2014\": \"NC_048214\",\n",
    "    \"Feline infectious peritonitis virus\": \"NC_002306\",  # cat\n",
    "    \"Giraffe-CoV US/OH3/2003\": \"EF424623\",\n",
    "    \"Murine-CoV MHV/BHKR_lab/USA/icA59_L94P/2012\": \"KF268338\",  # mouse\n",
    "    \"Equine-CoV Obihiro12-2\": \"LC061274\",  # horse\n",
    "}"
   ]
  },
  {
   "cell_type": "markdown",
   "metadata": {},
   "source": [
    "Here is the list of viruses and their accession codes that we will be working with in this homework. As mentioned in _a note on runtime_, we won't be using the entire sequence to infer phylogenies, but we'll only look at the spike protein sequence. To get spike protein regions from a `SeqRecord` object, we have to inspect the `features` field of each record. Look through the gene coding regions (CDS) of each sequence and find the region that codes for the \"S\" gene. Some records won't have this field, so look for \"spike protein\" in the `product` field."
   ]
  },
  {
   "cell_type": "code",
   "execution_count": 5,
   "metadata": {},
   "outputs": [],
   "source": [
    "# 1. load sequences\n",
    "virus_sequences = {}\n",
    "\n",
    "for name, code in accession_codes.items():\n",
    "    with Entrez.efetch(db=\"nucleotide\", id=code, rettype=\"gb\") as handle:\n",
    "        record = SeqIO.read(handle, \"genbank\")\n",
    "    \n",
    "    virus_sequences[name] = record"
   ]
  },
  {
   "cell_type": "code",
   "execution_count": 6,
   "metadata": {},
   "outputs": [],
   "source": [
    "# 2. extract spike protein regions\n",
    "virus_spike_proteins = {}\n",
    "\n",
    "for virus, record in virus_sequences.items():\n",
    "    for feature in record.features:\n",
    "        if feature.type != 'CDS':\n",
    "            continue\n",
    "            \n",
    "        if 'product' in feature.qualifiers and feature.qualifiers.get('product')[0] == 'spike protein':\n",
    "            virus_spike_proteins[virus] = feature\n",
    "        elif 'gene' in feature.qualifiers and feature.qualifiers.get('gene')[0] == 'S':\n",
    "            virus_spike_proteins[virus] = feature"
   ]
  },
  {
   "cell_type": "code",
   "execution_count": 7,
   "metadata": {},
   "outputs": [],
   "source": [
    "# 3. convert to amino-acid sequences\n",
    "virus_amino_acids = {}\n",
    "\n",
    "for virus, spike_protein in virus_spike_proteins.items():\n",
    "    virus_amino_acids[virus] = virus_spike_proteins[virus].translate(virus_sequences[virus])"
   ]
  },
  {
   "cell_type": "markdown",
   "metadata": {},
   "source": [
    "## Problem 1: Global alignment\n",
    "\n",
    "**TASK:**\n",
    "Implement the Needleman-Wunsch algorithm you learned about in lectures for global sequence alignment in the `global_alignment` functions in `helper_functions.py`. Indels should be denoted using the \"-\" character. **[10 points]**"
   ]
  },
  {
   "cell_type": "code",
   "execution_count": 8,
   "metadata": {},
   "outputs": [],
   "source": [
    "from helper_functions import global_alignment, scoring_function_blosom, hamming_distance\n",
    "import numpy as np"
   ]
  },
  {
   "cell_type": "code",
   "execution_count": 9,
   "metadata": {},
   "outputs": [
    {
     "name": "stdout",
     "output_type": "stream",
     "text": [
      "('the-- brown cat', 'these brownies-', 3.0)\n"
     ]
    }
   ],
   "source": [
    "print(global_alignment(\"the brown cat\", \"these brownies\", lambda x, y: [-1, 1][x == y]))"
   ]
  },
  {
   "cell_type": "markdown",
   "metadata": {},
   "source": [
    "## Problem 2: Coronavirus phylogeny\n",
    "\n",
    "**TASK:**\n",
    "Build a phylogenetic tree using the `global_alignment` function you implemented in the previous section. You will first need to calculate distances between all pairs of protein sequences. To calculate the distance between two sequences, first, calculate the global alignment of the two sequences. Then, compare these alignments using Hamming distance. The Hamming distance is just the number of mismatching characters between the two sequences e.g. the Hamming distance between \"cat\" and \"hat\" is 1, or 3 between \"road\" and \"rain\". Note that this distance is different from the global alignment score produced by `global_alignment`! Once you have calculated all pairwise distances, plot the dendrogram. Apply what you learned about hierarchical clustering in other machine learning courses to get as nice a dendrogram as possible. If you have not taken any machine learning courses, the recommendation is to not use *single linkage*. Save the resulting dendrogram into `problem2.png`. Are the results surprising? Do you see something you didn't expect? Save your answers into the `phylogeny_comments` variable. **[10 points]**\n",
    "\n",
    "Hint: check out `scipy.spatial.distance.squareform`, `scipy.cluster.hierarchy.linkage`, and `scipy.cluster.hierarchy.dendrogram` to build and plot the dendrogram.\n",
    "\n",
    "You will also need to define a scoring function for sequence alignment. Use BLOSUM62 throughout this homework. You can use `biopython` for this. Please note that biopython uses the \"*\" character for indels, while we are using \"-\". To be consistent with the lectures, your implementation must use \"-\". However, you can easily replace all the \"-\" characters with \"*\" if you want to use the BLOSUM62 matrix from biopython."
   ]
  },
  {
   "cell_type": "code",
   "execution_count": 59,
   "metadata": {},
   "outputs": [
    {
     "name": "stdout",
     "output_type": "stream",
     "text": [
      "14 15 962.0\n",
      "14 16 902.0\n",
      "14 17 1071.0\n",
      "14 18 966.0\n",
      "14 19 920.0\n",
      "14 20 963.0000000000001\n",
      "15 16 876.0\n",
      "15 17 1084.0\n",
      "15 18 82.0\n",
      "15 19 491.99999999999994\n",
      "15 20 255.0\n",
      "16 17 1017.0\n",
      "16 18 998.0000000000001\n",
      "16 19 968.0000000000001\n",
      "16 20 996.0000000000001\n",
      "17 18 1075.0\n",
      "17 19 1038.0\n",
      "17 20 1083.0\n",
      "18 19 487.0\n",
      "18 20 250.0\n",
      "19 20 498.0\n"
     ]
    }
   ],
   "source": [
    "distance_matrix = np.zeros((len(virus_spike_proteins.keys()), len(virus_spike_proteins.keys())))\n",
    "\n",
    "for i, (virus, record) in enumerate(virus_spike_proteins.items()):\n",
    "    for j, (virus2, record2) in enumerate(virus_spike_proteins.items()):\n",
    "        if virus == virus2 or distance_matrix[j][i] != 0:\n",
    "            continue\n",
    "            \n",
    "        protein1 = record.qualifiers['translation'][0]\n",
    "        protein2 = record2.qualifiers['translation'][0]\n",
    "            \n",
    "        align1, align2, score = global_alignment(protein1, protein2, scoring_function_blosom)\n",
    "        distance_matrix[i][j] = hamming_distance(list(align1), list(align2))"
   ]
  },
  {
   "cell_type": "code",
   "execution_count": 62,
   "metadata": {},
   "outputs": [],
   "source": [
    "distance_matrix = [[   0.,  301.,  930.,  954.,  913., 1017.,  970., 1033., 1018.,\n",
    "         890.,  911.,   33.,  958.,  930.,  126.,  954.,  863., 1074.,\n",
    "         961.,  930.,  962.],\n",
    "       [   0.,    0.,  927.,  947.,  912., 1014.,  967., 1031., 1018.,\n",
    "         889.,  909.,  295.,  954.,  912.,  305.,  950.,  913., 1069.,\n",
    "         949.,  931.,  954.],\n",
    "       [   0.,    0.,    0.,  949.,  867., 1053.,  956., 1037., 1048.,\n",
    "         874.,  489.,  931.,  958.,  589.,  895.,  953.,  929., 1072.,\n",
    "         963.,  939.,  962.],\n",
    "       [   0.,    0.,    0.,    0.,  887., 1036.,  501., 1062., 1053.,\n",
    "         852.,  968.,  957.,  113.,  945.,  952.,  124.,  882., 1076.,\n",
    "         113.,  497.,  281.],\n",
    "       [   0.,    0.,    0.,    0.,    0.,  586.,  997.,  807.,  780.,\n",
    "         865.,  988.,  937., 1007.,  977.,  936., 1002.,  821.,  861.,\n",
    "        1001.,  973.,  998.],\n",
    "       [   0.,    0.,    0.,    0.,    0.,    0., 1034.,  773.,  751.,\n",
    "         861., 1046.,  999., 1049., 1033.,  956., 1051.,  827.,  835.,\n",
    "        1047., 1051., 1040.],\n",
    "       [   0.,    0.,    0.,    0.,    0.,    0.,    0., 1030., 1066.,\n",
    "         860.,  995.,  971.,  487.,  954.,  977.,  492.,  874., 1081.,\n",
    "         486.,  524.,  487.],\n",
    "       [   0.,    0.,    0.,    0.,    0.,    0.,    0.,    0.,  736.,\n",
    "         879., 1009.,  975., 1037., 1004.,  981., 1045.,  835.,  874.,\n",
    "        1038., 1055., 1037.],\n",
    "       [   0.,    0.,    0.,    0.,    0.,    0.,    0.,    0.,    0.,\n",
    "         870., 1051.,  939., 1057., 1034.,  946., 1063.,  831.,  824.,\n",
    "        1053., 1038., 1061.],\n",
    "       [   0.,    0.,    0.,    0.,    0.,    0.,    0.,    0.,    0.,\n",
    "           0.,  997.,  937., 1005.,  975.,  926.,  992.,  890., 1070.,\n",
    "        1000.,  969., 1005.],\n",
    "       [   0.,    0.,    0.,    0.,    0.,    0.,    0.,    0.,    0.,\n",
    "           0.,    0.,  880.,  969.,  583.,  867.,  968.,  906., 1074.,\n",
    "         964.,  939.,  970.],\n",
    "       [   0.,    0.,    0.,    0.,    0.,    0.,    0.,    0.,    0.,\n",
    "           0.,    0.,    0.,  958.,  926.,  135.,  959.,  885., 1071.,\n",
    "         961.,  928.,  963.],\n",
    "       [   0.,    0.,    0.,    0.,    0.,    0.,    0.,    0.,    0.,\n",
    "           0.,    0.,    0.,    0.,  944.,  955.,   81.,  855., 1081.,\n",
    "          15.,  494.,  252.],\n",
    "       [   0.,    0.,    0.,    0.,    0.,    0.,    0.,    0.,    0.,\n",
    "           0.,    0.,    0.,    0.,    0.,  930.,  954.,  905., 1073.,\n",
    "         935.,  925.,  962.],\n",
    "       [   0.,    0.,    0.,    0.,    0.,    0.,    0.,    0.,    0.,\n",
    "           0.,    0.,    0.,    0.,    0.,    0.,  962.,  902., 1071.,\n",
    "         966.,  920.,  963.],\n",
    "       [   0.,    0.,    0.,    0.,    0.,    0.,    0.,    0.,    0.,\n",
    "           0.,    0.,    0.,    0.,    0.,    0.,    0.,  876., 1084.,\n",
    "          82.,  492.,  255.],\n",
    "       [   0.,    0.,    0.,    0.,    0.,    0.,    0.,    0.,    0.,\n",
    "           0.,    0.,    0.,    0.,    0.,    0.,    0.,    0., 1017.,\n",
    "         998.,  968.,  996.],\n",
    "       [   0.,    0.,    0.,    0.,    0.,    0.,    0.,    0.,    0.,\n",
    "           0.,    0.,    0.,    0.,    0.,    0.,    0.,    0.,    0.,\n",
    "        1075., 1038., 1083.],\n",
    "       [   0.,    0.,    0.,    0.,    0.,    0.,    0.,    0.,    0.,\n",
    "           0.,    0.,    0.,    0.,    0.,    0.,    0.,    0.,    0.,\n",
    "           0.,  487.,  250.],\n",
    "       [   0.,    0.,    0.,    0.,    0.,    0.,    0.,    0.,    0.,\n",
    "           0.,    0.,    0.,    0.,    0.,    0.,    0.,    0.,    0.,\n",
    "           0.,    0.,  498.],\n",
    "       [   0.,    0.,    0.,    0.,    0.,    0.,    0.,    0.,    0.,\n",
    "           0.,    0.,    0.,    0.,    0.,    0.,    0.,    0.,    0.,\n",
    "           0.,    0.,    0.]]"
   ]
  },
  {
   "cell_type": "code",
   "execution_count": 63,
   "metadata": {
    "scrolled": true
   },
   "outputs": [
    {
     "data": {
      "text/plain": [
       "array([[   0.,  301.,  930.,  954.,  913., 1017.,  970., 1033., 1018.,\n",
       "         890.,  911.,   33.,  958.,  930.,  126.,  954.,  863., 1074.,\n",
       "         961.,  930.,  962.],\n",
       "       [ 301.,    0.,  927.,  947.,  912., 1014.,  967., 1031., 1018.,\n",
       "         889.,  909.,  295.,  954.,  912.,  305.,  950.,  913., 1069.,\n",
       "         949.,  931.,  954.],\n",
       "       [ 930.,  927.,    0.,  949.,  867., 1053.,  956., 1037., 1048.,\n",
       "         874.,  489.,  931.,  958.,  589.,  895.,  953.,  929., 1072.,\n",
       "         963.,  939.,  962.],\n",
       "       [ 954.,  947.,  949.,    0.,  887., 1036.,  501., 1062., 1053.,\n",
       "         852.,  968.,  957.,  113.,  945.,  952.,  124.,  882., 1076.,\n",
       "         113.,  497.,  281.],\n",
       "       [ 913.,  912.,  867.,  887.,    0.,  586.,  997.,  807.,  780.,\n",
       "         865.,  988.,  937., 1007.,  977.,  936., 1002.,  821.,  861.,\n",
       "        1001.,  973.,  998.],\n",
       "       [1017., 1014., 1053., 1036.,  586.,    0., 1034.,  773.,  751.,\n",
       "         861., 1046.,  999., 1049., 1033.,  956., 1051.,  827.,  835.,\n",
       "        1047., 1051., 1040.],\n",
       "       [ 970.,  967.,  956.,  501.,  997., 1034.,    0., 1030., 1066.,\n",
       "         860.,  995.,  971.,  487.,  954.,  977.,  492.,  874., 1081.,\n",
       "         486.,  524.,  487.],\n",
       "       [1033., 1031., 1037., 1062.,  807.,  773., 1030.,    0.,  736.,\n",
       "         879., 1009.,  975., 1037., 1004.,  981., 1045.,  835.,  874.,\n",
       "        1038., 1055., 1037.],\n",
       "       [1018., 1018., 1048., 1053.,  780.,  751., 1066.,  736.,    0.,\n",
       "         870., 1051.,  939., 1057., 1034.,  946., 1063.,  831.,  824.,\n",
       "        1053., 1038., 1061.],\n",
       "       [ 890.,  889.,  874.,  852.,  865.,  861.,  860.,  879.,  870.,\n",
       "           0.,  997.,  937., 1005.,  975.,  926.,  992.,  890., 1070.,\n",
       "        1000.,  969., 1005.],\n",
       "       [ 911.,  909.,  489.,  968.,  988., 1046.,  995., 1009., 1051.,\n",
       "         997.,    0.,  880.,  969.,  583.,  867.,  968.,  906., 1074.,\n",
       "         964.,  939.,  970.],\n",
       "       [  33.,  295.,  931.,  957.,  937.,  999.,  971.,  975.,  939.,\n",
       "         937.,  880.,    0.,  958.,  926.,  135.,  959.,  885., 1071.,\n",
       "         961.,  928.,  963.],\n",
       "       [ 958.,  954.,  958.,  113., 1007., 1049.,  487., 1037., 1057.,\n",
       "        1005.,  969.,  958.,    0.,  944.,  955.,   81.,  855., 1081.,\n",
       "          15.,  494.,  252.],\n",
       "       [ 930.,  912.,  589.,  945.,  977., 1033.,  954., 1004., 1034.,\n",
       "         975.,  583.,  926.,  944.,    0.,  930.,  954.,  905., 1073.,\n",
       "         935.,  925.,  962.],\n",
       "       [ 126.,  305.,  895.,  952.,  936.,  956.,  977.,  981.,  946.,\n",
       "         926.,  867.,  135.,  955.,  930.,    0.,  962.,  902., 1071.,\n",
       "         966.,  920.,  963.],\n",
       "       [ 954.,  950.,  953.,  124., 1002., 1051.,  492., 1045., 1063.,\n",
       "         992.,  968.,  959.,   81.,  954.,  962.,    0.,  876., 1084.,\n",
       "          82.,  492.,  255.],\n",
       "       [ 863.,  913.,  929.,  882.,  821.,  827.,  874.,  835.,  831.,\n",
       "         890.,  906.,  885.,  855.,  905.,  902.,  876.,    0., 1017.,\n",
       "         998.,  968.,  996.],\n",
       "       [1074., 1069., 1072., 1076.,  861.,  835., 1081.,  874.,  824.,\n",
       "        1070., 1074., 1071., 1081., 1073., 1071., 1084., 1017.,    0.,\n",
       "        1075., 1038., 1083.],\n",
       "       [ 961.,  949.,  963.,  113., 1001., 1047.,  486., 1038., 1053.,\n",
       "        1000.,  964.,  961.,   15.,  935.,  966.,   82.,  998., 1075.,\n",
       "           0.,  487.,  250.],\n",
       "       [ 930.,  931.,  939.,  497.,  973., 1051.,  524., 1055., 1038.,\n",
       "         969.,  939.,  928.,  494.,  925.,  920.,  492.,  968., 1038.,\n",
       "         487.,    0.,  498.],\n",
       "       [ 962.,  954.,  962.,  281.,  998., 1040.,  487., 1037., 1061.,\n",
       "        1005.,  970.,  963.,  252.,  962.,  963.,  255.,  996., 1083.,\n",
       "         250.,  498.,    0.]])"
      ]
     },
     "execution_count": 63,
     "metadata": {},
     "output_type": "execute_result"
    }
   ],
   "source": [
    "from scipy.cluster.hierarchy import dendrogram, linkage\n",
    "from scipy.spatial.distance import squareform\n",
    "import matplotlib.pyplot as plt\n",
    "\n",
    "distance_matrix = np.array(distance_matrix)\n",
    "distance_matrix = distance_matrix + distance_matrix.T - np.diag(np.diag(distance_matrix))\n",
    "np.array(distance_matrix)"
   ]
  },
  {
   "cell_type": "code",
   "execution_count": 65,
   "metadata": {},
   "outputs": [
    {
     "data": {
